0;106;135;80;93;137;18
106;0;28;26;41;63;88
135;28;0;55;70;92;117
80;26;55;0;15;61;62
93;41;70;15;0;45;75
137;63;92;61;45;0;118
18;88;117;62;75;118;0
